0 0 0 0 0 0 0 0 0 0 0 0 0 0 0 0 0 0 0 0 
0 0 0 0 0 0 0 0 0 0 0 0 0 0 0 0 0 0 0 0 
0 0 0 0 0 0 0 0 0 0 0 0 0 0 0 0 0 0 0 0 
0 0 0 0 0 0 0 0 0 0 0 0 0 0 0 0 0 0 0 0 
0 0 0 0 0 0 0 0 0 0 0 0 0 0 0 0 0 0 0 0 
0 0 0 0 0 0 0 1 1 1 1 0 0 0 0 0 0 0 0 0 
0 0 0 0 0 0 0 1 0 0 0 0 0 0 0 0 0 0 0 0 
0 0 0 0 0 0 0 1 0 0 0 0 0 0 0 0 0 0 1 0 
0 0 0 0 0 1 1 1 0 0 0 0 0 0 0 0 0 0 1 0 
0 0 0 0 0 1 0 0 0 0 0 0 0 0 0 0 0 0 1 0 
0 0 0 0 0 1 0 0 0 0 0 0 0 0 0 2 1 1 1 0 
0 0 0 0 0 1 0 0 0 0 0 1 0 0 0 2 0 0 0 0 
0 0 0 1 1 2 2 7 5 5 5 4 3 3 3 3 0 0 0 0 
0 0 0 0 0 0 0 7 0 0 0 0 0 0 0 0 0 0 1 0 
0 0 0 0 0 0 0 7 0 0 0 0 0 0 0 0 0 0 1 0 
0 0 0 0 0 0 0 7 0 0 0 0 0 0 0 0 0 0 1 0 
0 0 0 0 0 0 0 7 0 0 0 0 0 0 0 1 1 1 1 0 
0 0 0 0 0 0 0 7 0 0 0 0 0 0 0 1 0 0 0 0 
0 0 0 0 0 0 0 9 2 2 2 2 2 1 1 1 0 0 0 0 
0 0 0 0 0 0 0 9 0 0 0 0 0 0 0 0 0 0 0 0 
0 0 0 0 0 0 0 9 0 0 0 0 0 0 0 0 0 0 0 0 
0 0 0 0 0 0 0 9 0 0 0 0 0 0 0 0 0 0 0 0 
0 0 0 0 0 0 0 9 0 0 0 0 0 0 0 0 0 0 0 0 
0 0 0 0 0 0 0 9 0 0 0 0 0 0 0 0 0 0 0 0 
0 1 0 0 0 0 0 9 0 0 0 0 0 0 0 0 0 0 0 0 
0 1 0 0 0 0 0 9 0 0 0 0 0 0 0 0 0 0 0 0 
0 1 0 0 0 0 0 9 0 0 0 0 0 0 0 0 0 0 0 0 
0 1 0 0 0 2 14 12 2 2 2 1 1 1 0 0 0 0 0 0 
0 1 0 0 0 0 14 0 0 0 0 0 0 0 0 0 0 0 0 0 
0 1 0 0 0 0 14 0 0 0 0 0 0 0 0 0 0 0 0 0 
0 2 2 2 2 2 16 0 0 0 0 0 0 0 0 0 0 0 0 0 
0 0 0 0 0 0 16 0 0 0 0 0 0 0 0 0 0 0 0 0 
0 0 0 0 0 0 16 0 0 0 0 0 0 0 0 0 0 0 0 0 
0 0 0 0 0 0 17 1 1 1 1 1 1 1 1 1 0 0 0 0 
0 0 0 0 0 0 18 1 0 0 0 0 0 0 0 1 0 0 0 0 
0 0 0 0 0 0 20 0 0 0 0 0 0 0 0 1 1 1 0 0 
0 0 0 0 0 0 2 0 0 0 0 0 0 0 0 0 0 0 0 0 
0 1 0 0 0 0 2 0 0 0 0 0 0 0 0 0 0 0 0 0 
0 1 0 0 0 0 2 0 0 0 0 0 0 0 0 0 0 0 0 0 
0 1 1 1 1 1 2 1 1 1 1 0 0 0 0 0 0 0 0 0 
0 0 0 0 0 0 0 0 0 0 0 0 0 0 0 0 0 0 0 0 
0 0 0 0 0 0 0 0 0 0 0 0 0 0 0 0 0 0 0 0 
0 0 0 0 0 0 0 0 0 0 0 0 0 0 0 0 0 0 0 0 
0 0 0 0 0 0 0 0 0 0 0 0 0 0 0 0 0 0 0 0 
0 0 0 0 0 0 0 0 0 0 0 0 0 0 0 0 0 0 0 0 
