0 0 0 0 0 0 0 0 0 0 0 0 0 0 0 0 0 0 0 0 
0 0 0 0 0 0 0 0 0 0 0 0 0 0 0 0 0 0 0 0 
0 0 0 0 0 0 0 0 0 0 0 0 0 0 0 0 0 0 0 0 
0 0 0 0 0 1 0 0 0 0 0 0 0 0 0 0 0 0 1 0 
0 0 0 0 0 1 0 0 0 0 0 0 0 0 0 0 0 0 1 0 
0 0 0 0 0 1 1 1 1 1 1 1 1 1 1 1 0 0 2 0 
0 0 0 0 0 0 0 0 0 0 0 0 0 0 0 2 0 0 2 0 
0 0 0 0 0 0 0 0 0 0 0 0 0 0 0 2 0 0 2 0 
0 0 0 0 0 0 0 0 0 0 0 0 0 0 0 3 0 0 2 0 
0 0 0 0 0 0 0 0 0 0 0 0 0 0 0 3 0 0 2 0 
0 0 0 0 0 0 0 0 0 0 0 0 0 0 0 4 1 1 2 0 
0 0 0 0 0 0 0 0 0 0 0 0 0 0 0 4 0 0 1 0 
0 0 0 0 0 0 1 1 1 1 1 1 1 1 1 5 0 0 1 0 
0 0 0 0 0 0 0 0 0 0 0 0 0 0 0 5 0 0 1 0 
0 0 0 0 0 0 0 0 0 0 0 0 0 0 0 5 0 0 1 0 
0 0 0 0 0 0 0 0 0 0 0 0 0 0 0 5 0 0 1 0 
0 0 0 0 0 0 0 0 0 0 0 0 0 0 0 20 1 1 1 0 
0 0 0 0 0 0 0 0 0 0 0 0 0 0 0 14 0 0 0 0 
0 0 0 0 2 2 2 4 4 4 4 4 5 13 14 14 0 0 0 0 
0 0 0 0 2 0 0 2 0 0 0 0 0 8 0 0 0 0 0 0 
0 0 0 0 2 0 0 2 0 0 0 0 0 8 0 0 0 0 0 0 
0 2 2 2 2 0 0 2 0 0 0 0 0 8 0 0 0 0 0 0 
0 1 0 0 0 0 0 2 0 0 0 0 1 8 0 0 0 0 0 0 
0 1 0 0 0 0 0 2 0 0 0 0 0 7 0 0 0 0 0 0 
0 1 0 0 0 0 0 2 0 0 0 0 0 7 1 1 1 1 1 0 
0 1 0 0 0 0 0 2 0 0 0 0 0 6 0 0 0 0 1 0 
0 1 0 0 0 0 0 2 0 0 0 0 0 6 0 0 0 0 1 0 
0 1 0 0 0 0 3 3 1 1 1 1 1 6 5 5 0 0 1 0 
0 1 0 0 0 0 3 0 0 0 0 0 0 0 0 5 0 0 1 0 
0 1 0 0 0 0 3 0 0 0 0 0 0 0 0 5 0 0 0 0 
0 2 1 1 1 1 3 0 0 0 0 0 0 0 0 5 0 0 0 0 
0 1 0 0 0 0 2 0 0 0 0 0 0 0 0 5 0 0 0 0 
0 1 0 0 0 0 2 0 0 0 0 0 0 0 0 5 0 0 0 0 
0 1 0 0 0 0 2 1 0 0 0 1 1 1 1 5 0 0 0 0 
0 0 0 0 0 0 1 0 0 0 0 0 0 0 0 4 0 0 0 0 
0 0 0 0 0 0 1 0 0 0 0 0 0 0 0 4 2 1 0 0 
0 0 0 0 0 0 1 0 0 0 0 0 0 0 0 2 0 0 0 0 
0 0 0 0 0 0 1 0 0 0 0 0 0 0 0 2 0 0 0 0 
0 0 0 0 0 0 1 0 0 0 0 0 0 0 0 2 0 0 0 0 
0 0 0 0 0 0 1 1 1 1 2 1 1 1 1 2 0 0 0 0 
0 0 0 0 0 0 0 0 0 0 1 0 0 0 0 0 0 0 0 0 
0 0 0 0 0 0 0 0 0 0 1 0 0 0 0 0 0 0 0 0 
0 0 0 0 0 0 0 0 0 0 1 0 0 0 0 0 0 0 0 0 
0 0 0 0 0 0 0 0 0 0 1 0 0 0 0 0 0 0 0 0 
0 0 0 0 0 0 0 0 0 0 0 0 0 0 0 0 0 0 0 0 
